"Date","Win10","Win11","Win7","WinXP","Win8.1","Win8","WinVista","Win2003","Other"
2024-07,64.99,30.83,3.04,0.38,0.42,0.25,0.07,0.02,0
2024-08,64.14,31.63,3.05,0.4,0.41,0.28,0.06,0.02,0.01
2024-09,62.75,33.42,2.84,0.34,0.36,0.22,0.04,0.02,0.01
2024-10,60.95,35.58,2.62,0.28,0.31,0.19,0.04,0.02,0.01
2024-11,61.83,34.94,2.47,0.25,0.31,0.16,0.03,0.01,0.01
2024-12,62.7,34.12,2.41,0.24,0.3,0.18,0.03,0.01,0
2025-01,60.33,36.65,2.24,0.27,0.3,0.16,0.03,0.01,0.01
2025-02,58.7,38.13,2.3,0.29,0.3,0.22,0.03,0.01,0.01
2025-03,54.2,42.69,2.22,0.33,0.28,0.24,0.03,0,0.01
2025-04,52.94,43.72,2.4,0.38,0.28,0.22,0.04,0.01,0.01
2025-05,53.19,43.22,2.48,0.54,0.29,0.22,0.04,0.01,0.01
2025-06,48.76,47.98,2.19,0.43,0.28,0.31,0.05,0.01,0
2025-07,42.88,53.51,2.02,0.43,0.23,0.88,0.04,0.01,0
